% Automatisch erzeugte Kennliniendaten

n_list = [0 1 2 3 4 5 6 7 8 9 10 11 12 13 14 15 16 17 18 19 20 21 22 23 24 25 26 27 28 29 30 31 32 33 34 35 36 37 38 39 40 41 42 43 44 45 46 47 48 49 50];

I1_vec = [36.0628410988931 34.78380558924 33.5035340610922 32.2229464985442 30.9431478323596 29.6652287551853 28.3902127408164 27.1190343035089 25.8529113512454 24.593773339943 23.3443205528851 22.1076015725562 20.8865941378408 19.6844208001335 18.5051762961793 17.3546973413446 16.2407247416608 15.1726790282382 14.1616985491371 13.2212977915695 12.3681826365064 11.62255126764 11.0072512216752 10.5458343628537 10.2594213972764 10.1629535608441 10.2614271656047 10.5499270944648 11.0135824594877 11.6313271899413 12.3798349353455 13.2365544810868 14.1814381783194 15.1975308145277 16.270970361383 17.3906037001646 18.5474618975478 19.7342625809943 20.9452444147318 22.1757472831858 23.421984931953 24.6808958651431 25.9498881685221 27.2267989725712 28.5098032694861 29.7973504014628 31.088120784347 32.3809842707544 33.6749520261474 34.9691384446108 36.262757547131];

I2_vec = [0 0 0 0 0 0 0 0 0 0 0 0 0 0 0 0 0 0 0 0 0 0 0 0 0 0 0 0 0 0 0 0 0 0 0 0 0 0 0 0 0 0 0 0 0 0 0 0 0 0 0];

cosPhi_vec = [0.894786078223852 0.892667666130099 0.889848728271649 0.886327633998391 0.882166587779428 0.877507017575556 0.872532121880404 0.867377526114683 0.86201238310526 0.856141494400995 0.849172167068399 0.840260299901265 0.828421349662473 0.812678096117056 0.792208973400184 0.766441467373292 0.735015245829797 0.69756324647133 0.653352117441343 0.600932799318492 0.538004387519208 0.461679971880982 0.369318673740114 0.259933080610614 0.135755561115983 0.00287500558714718 -0.130106684705505 -0.254855211938789 -0.365777493977362 -0.460646207489018 -0.539777403241826 -0.604831342047096 -0.657912693744518 -0.701086753070563 -0.736183952859152 -0.764751903905904 -0.78805913481708 -0.807146024730593 -0.822842504808629 -0.835809039938158 -0.846567564319446 -0.85552907760995 -0.863016995975602 -0.86928601006451 -0.874537857081919 -0.878933565814535 -0.882602529913482 -0.885649628543679 -0.888161044300073 -0.890207907202289 -0.89184946930392];

Torque_vec = [138.745295096942 134.185879595313 129.902450756311 125.526959907796 120.772096602759 115.519173466802 109.83516176103 103.909243631707 97.954898332792 92.1223263001335 86.4555605321294 80.9030487339741 75.3658790850815 69.7547976436034 64.029416347367 58.2065505897028 52.3410112975745 46.4934406115348 40.702025338006 34.9696143714639 29.2682304285327 23.5554490691076 17.7934939187365 11.9626549869017 6.06547990427227 0.1221622399366 -5.83973257320017 -11.7928722860835 -17.7191867568648 -23.6115081830172 -29.4719366949815 -35.3080159501018 -41.1285526851096 -46.9403609078723 -52.7467098247241 -58.547258897003 -64.3383699373133 -70.1157772911412 -75.8745482118112 -81.6102905406535 -87.3195212383974 -92.9996784023446 -98.6489252248416 -104.265854349829 -109.849234457325 -115.397850369257 -120.910394571593 -126.385403801349 -131.821404399224 -137.21684960836 -142.57022619337];

f2_vec = [314.159265358979 314.159265358979 314.159265358979 314.159265358979 314.159265358979 314.159265358979 314.159265358979 314.159265358979 314.159265358979 314.159265358979 314.159265358979 314.159265358979 314.159265358979 314.159265358979 314.159265358979 314.159265358979 314.159265358979 314.159265358979 314.159265358979 314.159265358979 314.159265358979 314.159265358979 314.159265358979 314.159265358979 314.159265358979 314.159265358979 314.159265358979 314.159265358979 314.159265358979 314.159265358979 314.159265358979 314.159265358979 314.159265358979 314.159265358979 314.159265358979 314.159265358979 314.159265358979 314.159265358979 314.159265358979 314.159265358979 314.159265358979 314.159265358979 314.159265358979 314.159265358979 314.159265358979 314.159265358979 314.159265358979 314.159265358979 314.159265358979 314.159265358979 314.159265358979];

