% Automatisch generierte Ergebnisse

n_list = [0 1 2 3 4 5 6 7 8 9 10 11 12 13 14 15 16 17 18 19 20 21 22 23 24 25 26 27 28 29 30 31 32 33 34 35 36 37 38 39 40 41 42 43 44 45 46 47 48 49 50];
i1_vec = [171.244644386123 170.211359251015 169.062700184152 167.784489556506 166.358207604684 164.759347939595 162.961018150271 160.931066645739 158.63131269982 156.016306250997 153.031994239365 149.614110052995 145.686540373926 141.159721067113 135.929264134401 129.875466730959 122.864340304472 114.751594984811 105.390928907289 94.6490225624414 82.4292764946012 68.7062077662319 53.5745123402146 37.3384706795433 20.7929423712705 10.1682284995392 20.8491180124228 37.3768127035284 54.0230757401841 69.4283376595865 83.436141629058 95.9263558990552 106.907836762447 116.468830581685 124.740630601526 131.871720790428 138.010769059124 143.296912916158 147.855133993887 151.794624434338 155.209144446674 158.178321595645 160.769292670207 163.038400844282 165.032979921669 166.792668548447 168.350638351445 169.734963962092 170.96917034933 172.073182671138 173.063847453195];
i2_vec = [332.88861310121 333.406497769409 331.856328055443 325.960572455295 328.819769663504 320.243131244541 320.7124054558 316.466130067578 308.931573093862 310.230991264707 297.360430450914 297.040213858191 286.852043569374 276.619923683271 272.639637280575 252.150764333902 248.112654146135 225.028623661156 209.946596013917 190.974660802883 159.308773873147 142.861332921105 99.5291115490954 77.5216457007218 33.7763960667592 0 33.9139683297294 77.6107275896214 100.428918070625 144.429834597279 161.254673030314 193.710978065838 212.881333080128 228.559325705961 251.842035483249 256.026474099118 276.888433721757 280.618156236844 291.257137925992 301.166668042991 301.590863175358 314.485945051617 312.888078492525 320.687966187932 324.535432631219 324.195144138226 332.64923112415 329.551503441528 335.657679045648 336.801939892042 336.430682122301];
cos_vec = [0.367883054434925 0.379161559974662 0.389835126474688 0.406639202564492 0.421081523453258 0.437196549106761 0.454397375111296 0.472845312780451 0.492639505231724 0.513884706518219 0.536685548498643 0.561138495215234 0.587321985969184 0.615283746006512 0.645018490490001 0.676440302123834 0.709340853637282 0.743337624464336 0.777804477307241 0.811781029453319 0.84384355557126 0.87183179595537 0.891963010011555 0.894330127233885 0.823838930419176 0.000884193932165777 -0.822675539981756 -0.893019580959268 -0.890032596833154 -0.868918034267146 -0.839638203049052 -0.806051951113317 -0.770405219428104 -0.734204508264844 -0.698478072769928 -0.663902254437709 -0.6308929755597 -0.599677086955397 -0.57034955053379 -0.542916427316764 -0.517327033563472 -0.493495681978625 -0.471318156924187 -0.450681627092217 -0.431472083037671 -0.4135792618011 -0.396896542826004 -0.381324620163751 -0.366771330576484 -0.353152832248911 -0.340391725488087];
torque_vec = [246.362993058169 245.837031504059 285.915995669676 288.671409845984 297.140644542775 306.043006377025 315.129873204834 324.370585333827 333.667634397749 342.882984112221 351.826078053222 360.234184432726 367.752603846816 373.908137280134 378.079845632575 379.46824759437 377.069305584944 369.664217851863 355.843264732496 334.089746260279 302.952294625506 261.325173073022 208.822243306899 146.163541207988 75.426391030853 6.49372423460906e-09 -75.8817949299136 -147.873835576577 -212.330757739136 -266.844513550514 -310.395505840864 -343.165485628047 -366.157779492244 -380.808413836941 -388.671710254506 -391.221180886464 -389.745830964424 -385.314164790849 -378.780461951705 -370.809214011862 -361.906396688548 -352.450307601836 -342.720149917624 -332.91988764894 -323.193047453163 -313.641505791549 -304.334127830124 -295.31619129883 -286.614707551596 -278.244191328474 -270.209779901121];
f_vec = [49.991614217951 47.7625555885826 46.0991392099765 44.0050877126266 41.9983043601547 40.0000209783572 37.9999752941258 36.0000025289027 34.000058032692 32.0000396103399 30.0000631917747 28.0000792631693 26.0001159185464 24.0001477405327 22.0002037646321 20.0002602895508 18.0003208474495 16.0004138365312 14.0005808423034 12.0008155584315 10.0011703823766 8.00184848523229 6.00323561559736 4.00709831985474 2.08909128706101 0.120091276040065 -1.91361058340115 -3.9124021898154 -5.99711009140201 -7.99849148138073 -9.99905269432932 -11.9994214216653 -13.9995926930808 -15.9997314909214 -17.9998173348462 -19.999873269213 -21.9999312139723 -23.9999535101632 -25.9999574164833 -27.9999663704245 -29.9999955405073 -31.999995390176 -33.999962164016 -36.0000245455058 -38.0000117646219 -40.0000383387847 -42.0000421311504 -44.0000404975423 -46.000081769934 -48.0000479281402 -50.0000685191198];
