# Created by Octave 4.4.1, Sat May 16 12:08:15 2026 GMT <unknown@DESKTOP-MG9EAFJ>
# name: n_list
# type: range
# base, limit, increment
0 50 1


# name: i1_vec
# type: matrix
# rows: 1
# columns: 51
 36.074275742156679 34.795254981827789 33.514237208087906 32.231856438326226 30.949106510605255 29.667742112018075 28.390374999719537 27.119992197088951 25.859199805921619 24.60905467514533 23.369078608848131 22.138072669630738 20.915855543225081 19.705809970056627 18.498073698009126 17.340774567334982 16.21695365883253 15.137296842768388 14.135281038717991 13.228329454062097 12.379851219529142 11.633089287593096 11.023706123833728 10.566343798780888 10.270203061641501 10.070491785434767 10.267105870086802 10.553542783297761 11.023028495876311 11.597657770681943 12.356409212373734 13.18601816356027 14.121690984368195 15.131733792767886 16.202756305132837 17.31900464104567 18.469972548084147 19.653532887612371 20.853216241988093 22.078581594322081 23.334138126129311 24.570026586319553 25.844945769186356 27.108578273082109 28.390117499285918 29.661002678100044 30.954699168856937 32.254473928405154 33.530403552050736 34.81887362874356 36.165022185840549


# name: i2_vec
# type: matrix
# rows: 1
# columns: 51
 67.391902992646692 65.427697275718955 61.809257548050113 60.164216092347594 56.872193411383705 54.292374423997785 52.111133969449384 48.610262919304766 46.792988991562339 43.664378981970053 40.962368824497865 39.084928423646829 36.251859813531752 32.68870163365667 29.36031939333251 27.39701352420823 24.907010170955758 21.58561890813435 19.695355964199106 16.400428788046561 13.773616594099179 11.485753758681611 7.8242029055938875 6.1194026545873488 2.6086433929459609 0.81404090982582056 2.5152946585703155 6.0606897995042761 7.7467945370321329 10.645339893590107 13.732811291161095 16.235078600346952 19.716805804998383 21.427521298468548 25.088890289524187 27.356190176678613 29.933605132030344 32.965440039711496 35.06799100837425 38.717744008327983 40.933026221814728 43.517804412195581 46.898545239044033 48.580197557275461 52.223868956436633 54.294931263227028 56.95577771296275 60.212760562046135 61.883103685029198 65.507995682166978 67.542013190375698


# name: cos_vec
# type: matrix
# rows: 1
# columns: 51
 0.90002346141701062 0.89767290254091148 0.89448329446481167 0.89025841260422545 0.88479003807276557 0.87792742007016045 0.86965812940744747 0.86016079643256904 0.84982137982953165 0.83916570716637673 0.82871151334277149 0.81878295708110638 0.80934473001504936 0.79988630314809828 0.78935423461457588 0.77619460686428698 0.75824682488775852 0.73260007770813618 0.69579421419593646 0.64361886598537632 0.57175956834982378 0.47774619316399264 0.36219734924299019 0.23092653419088829 0.093387475644070364 -0.040697971743783028 -0.16479624223878261 -0.27564649330087354 -0.37319416633495045 -0.46653289924910968 -0.53173478910885152 -0.59487340933270483 -0.64837616671724396 -0.69322493490655712 -0.73047453852885069 -0.76125262057335441 -0.78608785691000205 -0.80650880211764431 -0.82289645008839984 -0.83632538909779619 -0.84726885820106856 -0.85626465329667056 -0.86367808602945473 -0.869789079628984 -0.87489443549594803 -0.88234509295534314 -0.88270674787962888 -0.88565118302206502 -0.8881399476214743 -0.89009283225894276 -0.89174674961261291


# name: torque_vec
# type: matrix
# rows: 1
# columns: 51
 132.12369005809163 128.66424229053806 125.83841027322624 123.13859328493442 120.09982784171046 116.38493731181993 111.83294423511222 106.46926376140732 100.47031968279315 94.101606453358542 87.646558055061092 81.340615587111813 75.326625585431685 69.638837323026237 64.230973765353653 58.939236133571477 53.627826246268413 48.156657656393932 42.439822504093506 36.4450201663645 30.200239586861059 23.793107751200733 17.319910699188501 10.885564648262832 4.5743121842393482 -1.555155213245095 -7.4950265522101978 -13.244290636876277 -18.851480555449328 -24.2636598572557 -29.852693751007031 -35.353684608222878 -40.89281237152251 -46.501975411434096 -52.202096882774292 -57.960124953607277 -63.774704330031312 -69.860365127578433 -75.46938120096948 -81.313391870619498 -87.125895699332759 -92.898321297602749 -98.64855539971137 -104.30128711611698 -109.89119211706745 -115.47822477449502 -121.00413656931374 -126.47472164371365 -131.89552941335205 -137.27457402647605 -142.70555011315585


# name: f_vec
# type: matrix
# rows: 1
# columns: 51
 50.012060023308194 47.889704008260033 45.841632442917998 43.909830812609776 42.112633390006536 40.437022439007649 38.833608482946239 37.219720551634097 35.492481492717289 33.5550458814268 31.347494592313748 28.867724178550766 26.172047740130896 23.356015838676502 20.610460506587252 17.827275958406911 15.199066940330276 12.760992137640503 10.650232675107739 8.8854725943056732 7.5317480904396676 6.6970210887476567 6.7097999472012368 8.6050552118608383 19.098173535336478 -49.867046069132343 -13.476114508781096 -9.985133137749397 -9.3414439639297076 -9.5035604731415813 -10.70053506303147 -12.043094810081881 -13.648509482527803 -15.452846510554696 -17.405240931110548 -19.430983380578024 -21.503088748467519 -23.743588054407439 -25.681562363775885 -27.763356998061383 -29.828407307713057 -31.877657971874783 -33.922462012788749 -35.935181914444556 -37.935280302548065 -39.967708628549175 -41.947716828516462 -43.94359725079039 -45.937267714910078 -47.930702281368397 -49.951016242547247


