% Automatisch generierte Ergebnisse

n_list = [0 1 2 3 4 5 6 7 8 9 10 11 12 13 14 15 16 17 18 19 20 21 22 23 24 25 26 27 28 29 30 31 32 33 34 35 36 37 38 39 40 41 42 43 44 45 46 47 48 49 50];
i1_vec = [36.0742757421567 34.7952549818278 33.5142372080879 32.2318564383262 30.9491065106053 29.6677421120181 28.3903749997195 27.119992197089 25.8591998059216 24.6090546751453 23.3690786088481 22.1380726696307 20.9158555432251 19.7058099700566 18.4980736980091 17.340774567335 16.2169536588325 15.1372968427684 14.135281038718 13.2283294540621 12.3798512195291 11.6330892875931 11.0237061238337 10.5663437987809 10.2702030616415 10.0704917854348 10.2671058700868 10.5535427832978 11.0230284958763 11.5976577706819 12.3564092123737 13.1860181635603 14.1216909843682 15.1317337927679 16.2027563051328 17.3190046410457 18.4699725480841 19.6535328876124 20.8532162419881 22.0785815943221 23.3341381261293 24.5700265863196 25.8449457691864 27.1085782730821 28.3901174992859 29.6610026781 30.9546991688569 32.2544739284052 33.5304035520507 34.8188736287436 36.1650221858405];
i2_vec = [67.3919029926467 65.427697275719 61.8092575480501 60.1642160923476 56.8721934113837 54.2923744239978 52.1111339694494 48.6102629193048 46.7929889915623 43.6643789819701 40.9623688244979 39.0849284236468 36.2518598135318 32.6887016336567 29.3603193933325 27.3970135242082 24.9070101709558 21.5856189081344 19.6953559641991 16.4004287880466 13.7736165940992 11.4857537586816 7.82420290559389 6.11940265458735 2.60864339294596 0.814040909825821 2.51529465857032 6.06068979950428 7.74679453703213 10.6453398935901 13.7328112911611 16.235078600347 19.7168058049984 21.4275212984685 25.0888902895242 27.3561901766786 29.9336051320303 32.9654400397115 35.0679910083742 38.717744008328 40.9330262218147 43.5178044121956 46.898545239044 48.5801975572755 52.2238689564366 54.294931263227 56.9557777129627 60.2127605620461 61.8831036850292 65.507995682167 67.5420131903757];
cos_vec = [0.900023461417011 0.897672902540911 0.894483294464812 0.890258412604225 0.884790038072766 0.87792742007016 0.869658129407447 0.860160796432569 0.849821379829532 0.839165707166377 0.828711513342771 0.818782957081106 0.809344730015049 0.799886303148098 0.789354234614576 0.776194606864287 0.758246824887759 0.732600077708136 0.695794214195936 0.643618865985376 0.571759568349824 0.477746193163993 0.36219734924299 0.230926534190888 0.0933874756440704 -0.040697971743783 -0.164796242238783 -0.275646493300874 -0.37319416633495 -0.46653289924911 -0.531734789108852 -0.594873409332705 -0.648376166717244 -0.693224934906557 -0.730474538528851 -0.761252620573354 -0.786087856910002 -0.806508802117644 -0.8228964500884 -0.836325389097796 -0.847268858201069 -0.856264653296671 -0.863678086029455 -0.869789079628984 -0.874894435495948 -0.882345092955343 -0.882706747879629 -0.885651183022065 -0.888139947621474 -0.890092832258943 -0.891746749612613];
torque_vec = [132.123690058092 128.664242290538 125.838410273226 123.138593284934 120.09982784171 116.38493731182 111.832944235112 106.469263761407 100.470319682793 94.1016064533585 87.6465580550611 81.3406155871118 75.3266255854317 69.6388373230262 64.2309737653537 58.9392361335715 53.6278262462684 48.1566576563939 42.4398225040935 36.4450201663645 30.2002395868611 23.7931077512007 17.3199106991885 10.8855646482628 4.57431218423935 -1.55515521324509 -7.4950265522102 -13.2442906368763 -18.8514805554493 -24.2636598572557 -29.852693751007 -35.3536846082229 -40.8928123715225 -46.5019754114341 -52.2020968827743 -57.9601249536073 -63.7747043300313 -69.8603651275784 -75.4693812009695 -81.3133918706195 -87.1258956993328 -92.8983212976027 -98.6485553997114 -104.301287116117 -109.891192117067 -115.478224774495 -121.004136569314 -126.474721643714 -131.895529413352 -137.274574026476 -142.705550113156];
f_vec = [50.0120600233082 47.88970400826 45.841632442918 43.9098308126098 42.1126333900065 40.4370224390076 38.8336084829462 37.2197205516341 35.4924814927173 33.5550458814268 31.3474945923137 28.8677241785508 26.1720477401309 23.3560158386765 20.6104605065873 17.8272759584069 15.1990669403303 12.7609921376405 10.6502326751077 8.88547259430567 7.53174809043967 6.69702108874766 6.70979994720124 8.60505521186084 19.0981735353365 -49.8670460691323 -13.4761145087811 -9.9851331377494 -9.34144396392971 -9.50356047314158 -10.7005350630315 -12.0430948100819 -13.6485094825278 -15.4528465105547 -17.4052409311105 -19.430983380578 -21.5030887484675 -23.7435880544074 -25.6815623637759 -27.7633569980614 -29.8284073077131 -31.8776579718748 -33.9224620127887 -35.9351819144446 -37.9352803025481 -39.9677086285492 -41.9477168285165 -43.9435972507904 -45.9372677149101 -47.9307022813684 -49.9510162425472];
